0 13
0 14
0 21
0 33
0 39
0 40
0 55
0 66
0 79
0 81
0 90
1 6
1 19
1 20
1 21
1 25
1 29
1 50
1 59
1 73
2 1
2 6
2 9
2 18
2 38
2 47
2 63
2 73
2 82
2 96
3 6
3 20
3 22
3 31
3 32
3 51
3 56
3 61
3 82
3 88
3 99
4 5
4 12
4 15
4 17
4 24
4 25
4 40
4 59
4 62
4 74
4 83
4 85
4 97
4 99
5 8
5 20
5 21
5 41
5 49
5 52
5 57
5 67
5 70
5 74
5 85
5 88
5 92
5 96
5 99
6 1
6 19
6 25
6 28
6 35
6 48
6 53
6 61
6 83
6 85
6 87
7 18
7 35
7 39
7 47
7 49
7 50
7 51
7 52
7 54
7 56
7 64
7 74
7 75
7 85
7 94
8 11
8 13
8 19
8 31
8 48
8 60
8 61
8 70
8 71
8 74
8 80
8 81
8 89
8 96
9 15
9 24
9 25
9 27
9 36
9 48
9 56
9 63
9 72
9 76
9 79
10 5
10 21
10 31
10 34
10 45
10 49
10 53
10 63
10 67
10 75
10 88
11 1
11 2
11 28
11 46
11 59
11 63
11 66
11 92
11 93
12 24
12 28
12 49
12 54
12 78
12 88
12 98
13 6
13 7
13 14
13 42
13 43
13 45
13 50
13 57
13 62
13 70
13 76
13 88
13 89
14 1
14 27
14 53
14 65
14 69
14 78
14 79
14 84
15 5
15 12
15 24
15 50
15 56
15 62
15 73
15 85
15 92
15 95
16 18
16 19
16 32
16 33
16 55
16 69
16 91
16 92
17 3
17 10
17 11
17 37
17 40
17 47
17 70
17 74
17 86
17 87
17 93
18 25
18 31
18 40
18 52
18 54
18 61
18 62
18 65
18 66
18 68
18 89
18 94
19 3
19 25
19 26
19 45
19 58
19 59
19 78
19 81
19 95
19 97
20 1
20 6
20 11
20 21
20 45
20 54
20 59
20 70
20 80
20 89
20 96
21 7
21 26
21 35
21 40
21 41
21 51
21 72
22 0
22 4
22 8
22 10
22 15
22 67
22 68
22 78
22 81
23 3
23 20
23 22
23 33
23 38
23 39
23 41
23 42
23 58
23 63
23 75
23 80
23 91
23 99
24 22
24 26
24 38
24 41
24 44
24 54
24 74
24 77
24 85
24 94
25 7
25 17
25 21
25 32
25 42
25 51
25 53
25 95
26 17
26 28
26 51
26 52
26 54
26 63
26 68
26 78
26 84
26 85
26 86
26 89
27 18
27 24
27 38
27 43
27 53
27 57
27 62
27 64
27 92
28 2
28 9
28 13
28 24
28 29
28 32
28 55
28 67
28 92
28 93
29 2
29 4
29 6
29 16
29 21
29 23
29 50
29 69
29 74
29 76
30 1
30 3
30 5
30 21
30 23
30 26
30 27
30 37
30 54
30 56
30 62
30 90
30 99
31 0
31 1
31 4
31 12
31 22
31 23
31 60
31 64
31 71
31 78
31 80
31 85
32 28
32 36
32 37
32 40
32 67
32 78
32 83
33 1
33 2
33 12
33 29
33 48
33 49
33 51
33 88
33 92
34 35
34 50
34 65
34 69
34 79
34 85
34 91
35 13
35 17
35 19
35 22
35 28
35 30
35 34
35 53
35 62
35 67
35 71
35 73
35 78
35 81
35 88
35 94
36 5
36 7
36 8
36 31
36 38
36 46
36 53
36 69
36 75
37 36
37 38
37 40
37 49
37 54
37 59
37 76
37 80
37 87
37 91
38 7
38 9
38 14
38 27
38 40
38 43
38 47
38 54
38 66
38 81
38 85
39 25
39 27
39 33
39 36
39 49
39 50
39 76
39 80
39 88
39 95
40 12
40 21
40 48
40 72
40 73
40 96
41 9
41 10
41 11
41 28
41 30
41 32
41 33
41 36
41 39
41 46
41 53
41 55
41 62
41 72
41 84
41 92
41 93
42 4
42 8
42 25
42 32
42 33
42 45
42 47
42 57
42 58
42 61
42 66
42 70
42 94
42 99
43 10
43 33
43 40
43 51
43 52
43 60
43 65
44 19
44 22
44 23
44 56
44 58
44 60
44 65
44 67
44 72
44 73
44 77
44 87
44 98
45 3
45 21
45 22
45 28
45 42
45 59
45 61
45 64
45 94
46 0
46 7
46 8
46 26
46 27
46 28
46 29
46 32
46 36
46 47
46 57
46 66
46 75
46 89
46 95
47 25
47 36
47 40
47 46
47 49
47 84
47 88
47 89
48 3
48 7
48 36
48 37
48 52
48 63
48 73
49 1
49 7
49 48
49 58
49 83
49 86
49 88
50 1
50 12
50 20
50 25
50 27
50 30
50 37
50 41
50 43
50 54
50 66
50 77
50 97
50 98
51 2
51 3
51 21
51 45
51 46
51 62
51 64
51 68
51 77
51 83
51 84
52 3
52 7
52 20
52 23
52 25
52 33
52 37
52 46
52 48
52 56
52 62
52 66
52 67
52 86
52 88
52 95
53 9
53 10
53 23
53 31
53 46
53 50
53 51
53 91
54 5
54 6
54 13
54 16
54 17
54 33
54 34
54 48
54 63
54 84
54 88
55 4
55 13
55 25
55 45
55 64
55 65
55 74
55 86
56 4
56 11
56 22
56 28
56 52
56 63
56 68
56 74
56 76
56 87
56 88
56 89
56 93
57 0
57 2
57 11
57 12
57 25
57 28
57 51
57 75
57 97
58 20
58 36
58 59
58 71
58 87
59 6
59 13
59 18
59 20
59 25
59 30
59 32
59 35
59 46
59 49
59 54
59 57
59 61
59 62
59 68
59 99
60 6
60 15
60 17
60 19
60 28
60 38
60 47
60 61
60 63
60 67
60 71
60 72
60 84
60 87
61 3
61 7
61 15
61 19
61 43
61 45
61 50
61 72
61 79
61 85
61 94
61 96
62 31
62 43
62 47
62 52
62 59
62 71
62 79
63 20
63 37
63 50
63 59
63 72
63 87
64 39
64 41
64 42
64 58
64 65
64 66
64 74
64 75
64 81
64 84
64 98
65 9
65 11
65 18
65 34
65 38
65 40
65 55
65 64
65 70
65 83
65 86
65 87
65 89
66 5
66 11
66 35
66 38
66 45
66 50
66 77
66 82
66 84
67 1
67 3
67 6
67 11
67 15
67 33
67 37
67 47
67 50
67 53
67 76
67 78
67 85
68 6
68 7
68 9
68 31
68 41
68 51
68 53
68 77
68 92
69 7
69 22
69 28
69 50
69 67
69 84
70 4
70 17
70 24
70 45
70 51
70 69
70 82
70 84
70 86
70 97
71 4
71 8
71 10
71 12
71 15
71 27
71 45
71 47
71 55
71 60
71 73
71 86
71 96
72 12
72 33
72 82
72 95
72 99
73 11
73 65
73 68
73 80
73 85
74 9
74 12
74 29
74 79
74 81
74 88
75 17
75 19
75 20
75 22
75 30
75 44
75 50
75 54
75 57
75 59
75 62
75 66
75 73
75 76
76 16
76 17
76 25
76 36
76 39
76 42
76 46
76 63
76 75
76 82
76 86
76 91
77 15
77 22
77 23
77 46
77 52
77 69
77 79
78 8
78 14
78 37
78 44
78 56
78 82
78 89
79 0
79 20
79 26
79 32
79 42
79 47
79 53
79 74
79 91
80 0
80 4
80 8
80 15
80 16
80 26
80 34
80 37
80 43
80 45
80 46
80 52
80 55
80 56
80 58
80 62
80 63
80 72
80 79
80 94
80 96
81 0
81 1
81 5
81 10
81 24
81 28
81 41
81 59
81 63
81 85
81 86
81 87
82 3
82 10
82 12
82 14
82 18
82 19
82 24
82 59
82 89
83 11
83 20
83 29
83 41
83 51
83 52
83 60
83 73
83 78
83 89
84 11
84 14
84 15
84 20
84 28
84 39
84 46
84 47
84 65
84 79
84 86
84 96
85 12
85 20
85 25
85 28
85 40
85 41
85 43
85 46
85 57
85 66
85 81
85 93
85 98
86 0
86 5
86 7
86 9
86 10
86 17
86 25
86 31
86 32
86 35
86 44
86 46
86 49
86 50
86 60
86 81
87 6
87 9
87 13
87 16
87 23
87 35
87 38
87 44
87 46
87 48
87 50
87 90
87 91
87 95
87 96
87 97
87 98
88 0
88 10
88 40
88 50
88 65
88 91
88 92
89 33
89 38
89 49
89 65
89 72
89 77
89 90
89 91
90 30
90 44
90 59
90 60
90 64
90 72
90 74
90 75
91 5
91 21
91 22
91 25
91 40
91 93
92 22
92 35
92 36
92 40
92 44
92 48
92 54
92 74
92 85
92 96
93 7
93 8
93 16
93 25
93 28
93 65
93 72
94 9
94 21
94 26
94 44
94 79
94 91
95 1
95 14
95 29
95 37
95 60
95 70
95 76
95 89
95 97
95 99
96 3
96 8
96 16
96 72
96 75
96 91
97 24
97 25
97 32
97 47
97 69
97 75
97 95
97 99
98 24
98 38
98 40
98 42
98 44
98 51
98 55
98 58
98 62
98 78
99 1
99 30
99 38
99 42
99 51
99 56
99 60
99 66
99 79
99 89
99 93
99 98
S